1480694172 797125
1480861930 797120
1480862344 797123
1480862616 797123
1480868100 797128
1480868231 797137
1480868413 797137
1480872612 797063
1480873696 797057
1480873715 797058
1480874055 797060
1480874594 797056
1483119438 797141
1483185846 797207
1483192308 797340
1483192385 797359
1483448182 797440
1483463618 797463
1484148381 798575
1484152968 798546
1484300695 798546
1484300707 800679
1484301384 800680
1484301475 800681
1484325093 800840
1484422623 801065
1484481194 801063
1484493855 801278
1484676519 801387
1484678401 801592
1484678491 801592
1484680307 801626
1484753638 801719
1484753847 801719
1484753977 801719
1484763438 801849
1485437097 1257566
1485437130 1257171
1485446845 1257230
1485446850 1257355
1485448101 1257357
1485450166 1257357
1485450173 1257344
1485464731 1257354
1485464846 1257349
1485465061 1257414
1485469561 1257416
1485470647 1257535
1485470882 1257541
1485505211 1257545
1485517555 1257652
1485521748 1257649
1485522505 1257649
1485522823 1257647
1485538143 1257844
1486372935 1258802
1486373839 1258648
1486392554 1260288
1486400305 1260288
1486465020 1260400
1486483409 1260288
1486544178 1260288
1486546296 1260094
1486546388 1260094
1488704992 1260103
1488705210 1260247
1488707961 1260262
1489152261 1260389
1489426987 1260390
1489571017 1260440
1489571043 1260461
1489591527 1272978
1489656716 1272892
1489661900 1272896
1489661905 1272979
1489668477 1272979
1489671247 1272979
1489764983 1273090
1489858077 1274392
1489858131 1274396
1489858762 1274400
1489858806 1274397
1489869916 1274585
1489869934 1274589
1489940953 1274698
1489941002 1274812
1489941079 1274837
1489941116 1274829
1489943527 1274831
1490019176 1274912
1490019635 1274949
1490021322 1275026
1490025746 1275152
1490026633 1275152
1490030487 1275155
1490628836 1275074
1490628866 1285113
1490780396 1284953
1490780399 1285135
1490788368 1285045
1490788378 1285189
1490789083 1285245
1490789090 1285322
1490790104 1285334
1490790880 1285364
1490790885 1285368
1490791166 1285368
1490791331 1285368
1490798863 1285463
1490798872 1285825
1490803540 1285828
1490803568 1285828
1490803610 1285843
1490803646 1285853
1490806612 1285874
1490806619 1285878
1490812320 1285878
1490812391 1285635
1490813928 1285666
1490815356 1285670
1490815372 1285670
1490815403 1285671
1490817119 1286921
